(kicad_pcb (version 20171130) (host pcbnew 5.1.5+dfsg1-2build2)

  (general
    (thickness 1.6)
    (drawings 10)
    (tracks 372)
    (zones 0)
    (modules 18)
    (nets 26)
  )

  (page A4)
  (layers
    (0 F.Cu signal)
    (1 In1.Cu signal)
    (2 In2.Cu signal)
    (31 B.Cu signal)
    (32 B.Adhes user)
    (33 F.Adhes user hide)
    (34 B.Paste user)
    (35 F.Paste user)
    (36 B.SilkS user)
    (37 F.SilkS user)
    (38 B.Mask user)
    (39 F.Mask user)
    (40 Dwgs.User user hide)
    (41 Cmts.User user)
    (42 Eco1.User user)
    (43 Eco2.User user)
    (44 Edge.Cuts user)
    (45 Margin user)
    (46 B.CrtYd user)
    (47 F.CrtYd user hide)
    (48 B.Fab user)
    (49 F.Fab user hide)
  )

  (setup
    (last_trace_width 0.25)
    (trace_clearance 0.2)
    (zone_clearance 0.508)
    (zone_45_only no)
    (trace_min 0.2)
    (via_size 0.8)
    (via_drill 0.4)
    (via_min_size 0.4)
    (via_min_drill 0.3)
    (user_via 0.6 0.4)
    (uvia_size 0.3)
    (uvia_drill 0.1)
    (uvias_allowed no)
    (uvia_min_size 0.2)
    (uvia_min_drill 0.1)
    (edge_width 0.05)
    (segment_width 0.2)
    (pcb_text_width 0.3)
    (pcb_text_size 1.5 1.5)
    (mod_edge_width 0.12)
    (mod_text_size 1 1)
    (mod_text_width 0.15)
    (pad_size 1.524 1.524)
    (pad_drill 0.762)
    (pad_to_mask_clearance 0.051)
    (solder_mask_min_width 0.25)
    (aux_axis_origin 0 0)
    (visible_elements FFFFFF7F)
    (pcbplotparams
      (layerselection 0x010fc_ffffffff)
      (usegerberextensions false)
      (usegerberattributes false)
      (usegerberadvancedattributes false)
      (creategerberjobfile false)
      (excludeedgelayer true)
      (linewidth 0.100000)
      (plotframeref false)
      (viasonmask false)
      (mode 1)
      (useauxorigin false)
      (hpglpennumber 1)
      (hpglpenspeed 20)
      (hpglpendiameter 15.000000)
      (psnegative false)
      (psa4output false)
      (plotreference true)
      (plotvalue true)
      (plotinvisibletext false)
      (padsonsilk false)
      (subtractmaskfromsilk false)
      (outputformat 1)
      (mirror false)
      (drillshape 0)
      (scaleselection 1)
      (outputdirectory "fab1_v1-0/fab2_1_0b/"))
  )

  (net 0 "")
  (net 1 ORANGE)
  (net 2 SVCC)
  (net 3 "Net-(C2-Pad2)")
  (net 4 "Net-(C2-Pad1)")
  (net 5 -5V)
  (net 6 "Net-(C4-Pad2)")
  (net 7 RED)
  (net 8 BROWN)
  (net 9 "Net-(C5-Pad1)")
  (net 10 SD0)
  (net 11 SD1)
  (net 12 SD2)
  (net 13 SD3)
  (net 14 SD4)
  (net 15 SMR)
  (net 16 SS)
  (net 17 BLUE)
  (net 18 GREEN)
  (net 19 CTS_Y)
  (net 20 RXD_Y)
  (net 21 "Net-(R7-Pad2)")
  (net 22 RTS_X)
  (net 23 CTS_X)
  (net 24 TXD_X)
  (net 25 RXD_X)

  (net_class Default "This is the default net class."
    (clearance 0.2)
    (trace_width 0.25)
    (via_dia 0.8)
    (via_drill 0.4)
    (uvia_dia 0.3)
    (uvia_drill 0.1)
    (add_net -5V)
    (add_net BLUE)
    (add_net BROWN)
    (add_net CTS_X)
    (add_net CTS_Y)
    (add_net GREEN)
    (add_net "Net-(C2-Pad1)")
    (add_net "Net-(C2-Pad2)")
    (add_net "Net-(C4-Pad2)")
    (add_net "Net-(C5-Pad1)")
    (add_net "Net-(R7-Pad2)")
    (add_net ORANGE)
    (add_net RED)
    (add_net RTS_X)
    (add_net RXD_X)
    (add_net RXD_Y)
    (add_net SD0)
    (add_net SD1)
    (add_net SD2)
    (add_net SD3)
    (add_net SD4)
    (add_net SMR)
    (add_net SS)
    (add_net SVCC)
    (add_net TXD_X)
  )

  (module Package_DIP:DIP-16_W7.62mm (layer F.Cu) (tedit 5A02E8C5) (tstamp 636A4D29)
    (at 131.064 103.378 270)
    (descr "16-lead though-hole mounted DIP package, row spacing 7.62 mm (300 mils)")
    (tags "THT DIP DIL PDIP 2.54mm 7.62mm 300mil")
    (path /6371DF57)
    (fp_text reference U4 (at 0.127 19.812 90) (layer F.SilkS)
      (effects (font (size 0.7 0.7) (thickness 0.15)))
    )
    (fp_text value DS3691 (at 3.81 20.11 90) (layer F.Fab)
      (effects (font (size 1 1) (thickness 0.15)))
    )
    (fp_text user %R (at 3.81 8.89 90) (layer F.Fab)
      (effects (font (size 1 1) (thickness 0.15)))
    )
    (fp_line (start 8.7 -1.55) (end -1.1 -1.55) (layer F.CrtYd) (width 0.05))
    (fp_line (start 8.7 19.3) (end 8.7 -1.55) (layer F.CrtYd) (width 0.05))
    (fp_line (start -1.1 19.3) (end 8.7 19.3) (layer F.CrtYd) (width 0.05))
    (fp_line (start -1.1 -1.55) (end -1.1 19.3) (layer F.CrtYd) (width 0.05))
    (fp_line (start 6.46 -1.33) (end 4.81 -1.33) (layer F.SilkS) (width 0.12))
    (fp_line (start 6.46 19.11) (end 6.46 -1.33) (layer F.SilkS) (width 0.12))
    (fp_line (start 1.16 19.11) (end 6.46 19.11) (layer F.SilkS) (width 0.12))
    (fp_line (start 1.16 -1.33) (end 1.16 19.11) (layer F.SilkS) (width 0.12))
    (fp_line (start 2.81 -1.33) (end 1.16 -1.33) (layer F.SilkS) (width 0.12))
    (fp_line (start 0.635 -0.27) (end 1.635 -1.27) (layer F.Fab) (width 0.1))
    (fp_line (start 0.635 19.05) (end 0.635 -0.27) (layer F.Fab) (width 0.1))
    (fp_line (start 6.985 19.05) (end 0.635 19.05) (layer F.Fab) (width 0.1))
    (fp_line (start 6.985 -1.27) (end 6.985 19.05) (layer F.Fab) (width 0.1))
    (fp_line (start 1.635 -1.27) (end 6.985 -1.27) (layer F.Fab) (width 0.1))
    (fp_arc (start 3.81 -1.33) (end 2.81 -1.33) (angle -180) (layer F.SilkS) (width 0.12))
    (pad 16 thru_hole oval (at 7.62 0 270) (size 1.6 1.6) (drill 0.8) (layers *.Cu *.Mask)
      (net 9 "Net-(C5-Pad1)"))
    (pad 8 thru_hole oval (at 0 17.78 270) (size 1.6 1.6) (drill 0.8) (layers *.Cu *.Mask)
      (net 5 -5V))
    (pad 15 thru_hole oval (at 7.62 2.54 270) (size 1.6 1.6) (drill 0.8) (layers *.Cu *.Mask)
      (net 8 BROWN))
    (pad 7 thru_hole oval (at 0 15.24 270) (size 1.6 1.6) (drill 0.8) (layers *.Cu *.Mask)
      (net 25 RXD_X))
    (pad 14 thru_hole oval (at 7.62 5.08 270) (size 1.6 1.6) (drill 0.8) (layers *.Cu *.Mask))
    (pad 6 thru_hole oval (at 0 12.7 270) (size 1.6 1.6) (drill 0.8) (layers *.Cu *.Mask)
      (net 1 ORANGE))
    (pad 13 thru_hole oval (at 7.62 7.62 270) (size 1.6 1.6) (drill 0.8) (layers *.Cu *.Mask))
    (pad 5 thru_hole oval (at 0 10.16 270) (size 1.6 1.6) (drill 0.8) (layers *.Cu *.Mask)
      (net 1 ORANGE))
    (pad 12 thru_hole oval (at 7.62 10.16 270) (size 1.6 1.6) (drill 0.8) (layers *.Cu *.Mask))
    (pad 4 thru_hole oval (at 0 7.62 270) (size 1.6 1.6) (drill 0.8) (layers *.Cu *.Mask)
      (net 2 SVCC))
    (pad 11 thru_hole oval (at 7.62 12.7 270) (size 1.6 1.6) (drill 0.8) (layers *.Cu *.Mask))
    (pad 3 thru_hole oval (at 0 5.08 270) (size 1.6 1.6) (drill 0.8) (layers *.Cu *.Mask)
      (net 1 ORANGE))
    (pad 10 thru_hole oval (at 7.62 15.24 270) (size 1.6 1.6) (drill 0.8) (layers *.Cu *.Mask)
      (net 7 RED))
    (pad 2 thru_hole oval (at 0 2.54 270) (size 1.6 1.6) (drill 0.8) (layers *.Cu *.Mask)
      (net 23 CTS_X))
    (pad 9 thru_hole oval (at 7.62 17.78 270) (size 1.6 1.6) (drill 0.8) (layers *.Cu *.Mask)
      (net 6 "Net-(C4-Pad2)"))
    (pad 1 thru_hole rect (at 0 0 270) (size 1.6 1.6) (drill 0.8) (layers *.Cu *.Mask)
      (net 2 SVCC))
    (model ${KISYS3DMOD}/Package_DIP.3dshapes/DIP-16_W7.62mm.wrl
      (at (xyz 0 0 0))
      (scale (xyz 1 1 1))
      (rotate (xyz 0 0 0))
    )
  )

  (module Package_SO:SOP-8_5.28x5.23mm_P1.27mm (layer F.Cu) (tedit 5D9F72B1) (tstamp 636A4D05)
    (at 107.188 117.602)
    (descr "SOP, 8 Pin (http://www.macronix.com/Lists/Datasheet/Attachments/7534/MX25R3235F,%20Wide%20Range,%2032Mb,%20v1.6.pdf#page=80), generated with kicad-footprint-generator ipc_gullwing_generator.py")
    (tags "SOP SO")
    (path /6371F6A3)
    (attr smd)
    (fp_text reference U3 (at -5.715 1.778) (layer F.SilkS)
      (effects (font (size 0.7 0.7) (thickness 0.15)))
    )
    (fp_text value ICL7660 (at 0 3.56) (layer F.Fab)
      (effects (font (size 1 1) (thickness 0.15)))
    )
    (fp_text user %R (at 0 0) (layer F.Fab)
      (effects (font (size 1 1) (thickness 0.15)))
    )
    (fp_line (start 4.65 -2.86) (end -4.65 -2.86) (layer F.CrtYd) (width 0.05))
    (fp_line (start 4.65 2.86) (end 4.65 -2.86) (layer F.CrtYd) (width 0.05))
    (fp_line (start -4.65 2.86) (end 4.65 2.86) (layer F.CrtYd) (width 0.05))
    (fp_line (start -4.65 -2.86) (end -4.65 2.86) (layer F.CrtYd) (width 0.05))
    (fp_line (start -2.64 -1.615) (end -1.64 -2.615) (layer F.Fab) (width 0.1))
    (fp_line (start -2.64 2.615) (end -2.64 -1.615) (layer F.Fab) (width 0.1))
    (fp_line (start 2.64 2.615) (end -2.64 2.615) (layer F.Fab) (width 0.1))
    (fp_line (start 2.64 -2.615) (end 2.64 2.615) (layer F.Fab) (width 0.1))
    (fp_line (start -1.64 -2.615) (end 2.64 -2.615) (layer F.Fab) (width 0.1))
    (fp_line (start -2.75 -2.465) (end -4.4 -2.465) (layer F.SilkS) (width 0.12))
    (fp_line (start -2.75 -2.725) (end -2.75 -2.465) (layer F.SilkS) (width 0.12))
    (fp_line (start 0 -2.725) (end -2.75 -2.725) (layer F.SilkS) (width 0.12))
    (fp_line (start 2.75 -2.725) (end 2.75 -2.465) (layer F.SilkS) (width 0.12))
    (fp_line (start 0 -2.725) (end 2.75 -2.725) (layer F.SilkS) (width 0.12))
    (fp_line (start -2.75 2.725) (end -2.75 2.465) (layer F.SilkS) (width 0.12))
    (fp_line (start 0 2.725) (end -2.75 2.725) (layer F.SilkS) (width 0.12))
    (fp_line (start 2.75 2.725) (end 2.75 2.465) (layer F.SilkS) (width 0.12))
    (fp_line (start 0 2.725) (end 2.75 2.725) (layer F.SilkS) (width 0.12))
    (pad 8 smd roundrect (at 3.6 -1.905) (size 1.6 0.6) (layers F.Cu F.Paste F.Mask) (roundrect_rratio 0.25)
      (net 2 SVCC))
    (pad 7 smd roundrect (at 3.6 -0.635) (size 1.6 0.6) (layers F.Cu F.Paste F.Mask) (roundrect_rratio 0.25))
    (pad 6 smd roundrect (at 3.6 0.635) (size 1.6 0.6) (layers F.Cu F.Paste F.Mask) (roundrect_rratio 0.25))
    (pad 5 smd roundrect (at 3.6 1.905) (size 1.6 0.6) (layers F.Cu F.Paste F.Mask) (roundrect_rratio 0.25)
      (net 5 -5V))
    (pad 4 smd roundrect (at -3.6 1.905) (size 1.6 0.6) (layers F.Cu F.Paste F.Mask) (roundrect_rratio 0.25)
      (net 3 "Net-(C2-Pad2)"))
    (pad 3 smd roundrect (at -3.6 0.635) (size 1.6 0.6) (layers F.Cu F.Paste F.Mask) (roundrect_rratio 0.25)
      (net 1 ORANGE))
    (pad 2 smd roundrect (at -3.6 -0.635) (size 1.6 0.6) (layers F.Cu F.Paste F.Mask) (roundrect_rratio 0.25)
      (net 4 "Net-(C2-Pad1)"))
    (pad 1 smd roundrect (at -3.6 -1.905) (size 1.6 0.6) (layers F.Cu F.Paste F.Mask) (roundrect_rratio 0.25))
    (model ${KISYS3DMOD}/Package_SO.3dshapes/SOP-8_5.28x5.23mm_P1.27mm.wrl
      (at (xyz 0 0 0))
      (scale (xyz 1 1 1))
      (rotate (xyz 0 0 0))
    )
  )

  (module Package_SO:SOIC-20W_7.5x12.8mm_P1.27mm (layer B.Cu) (tedit 5D9F72B1) (tstamp 636A4CE6)
    (at 105.918 109.982 180)
    (descr "SOIC, 20 Pin (JEDEC MS-013AC, https://www.analog.com/media/en/package-pcb-resources/package/233848rw_20.pdf), generated with kicad-footprint-generator ipc_gullwing_generator.py")
    (tags "SOIC SO")
    (path /6370CE66)
    (attr smd)
    (fp_text reference U2 (at 0 7.35) (layer B.SilkS)
      (effects (font (size 0.7 0.7) (thickness 0.15)) (justify mirror))
    )
    (fp_text value 40244 (at 0 -7.35) (layer B.Fab)
      (effects (font (size 1 1) (thickness 0.15)) (justify mirror))
    )
    (fp_text user %R (at 0 0) (layer B.Fab)
      (effects (font (size 1 1) (thickness 0.15)) (justify mirror))
    )
    (fp_line (start 5.93 6.65) (end -5.93 6.65) (layer B.CrtYd) (width 0.05))
    (fp_line (start 5.93 -6.65) (end 5.93 6.65) (layer B.CrtYd) (width 0.05))
    (fp_line (start -5.93 -6.65) (end 5.93 -6.65) (layer B.CrtYd) (width 0.05))
    (fp_line (start -5.93 6.65) (end -5.93 -6.65) (layer B.CrtYd) (width 0.05))
    (fp_line (start -3.75 5.4) (end -2.75 6.4) (layer B.Fab) (width 0.1))
    (fp_line (start -3.75 -6.4) (end -3.75 5.4) (layer B.Fab) (width 0.1))
    (fp_line (start 3.75 -6.4) (end -3.75 -6.4) (layer B.Fab) (width 0.1))
    (fp_line (start 3.75 6.4) (end 3.75 -6.4) (layer B.Fab) (width 0.1))
    (fp_line (start -2.75 6.4) (end 3.75 6.4) (layer B.Fab) (width 0.1))
    (fp_line (start -3.86 6.275) (end -5.675 6.275) (layer B.SilkS) (width 0.12))
    (fp_line (start -3.86 6.51) (end -3.86 6.275) (layer B.SilkS) (width 0.12))
    (fp_line (start 0 6.51) (end -3.86 6.51) (layer B.SilkS) (width 0.12))
    (fp_line (start 3.86 6.51) (end 3.86 6.275) (layer B.SilkS) (width 0.12))
    (fp_line (start 0 6.51) (end 3.86 6.51) (layer B.SilkS) (width 0.12))
    (fp_line (start -3.86 -6.51) (end -3.86 -6.275) (layer B.SilkS) (width 0.12))
    (fp_line (start 0 -6.51) (end -3.86 -6.51) (layer B.SilkS) (width 0.12))
    (fp_line (start 3.86 -6.51) (end 3.86 -6.275) (layer B.SilkS) (width 0.12))
    (fp_line (start 0 -6.51) (end 3.86 -6.51) (layer B.SilkS) (width 0.12))
    (pad 20 smd roundrect (at 4.65 5.715 180) (size 2.05 0.6) (layers B.Cu B.Paste B.Mask) (roundrect_rratio 0.25)
      (net 2 SVCC))
    (pad 19 smd roundrect (at 4.65 4.445 180) (size 2.05 0.6) (layers B.Cu B.Paste B.Mask) (roundrect_rratio 0.25)
      (net 21 "Net-(R7-Pad2)"))
    (pad 18 smd roundrect (at 4.65 3.175 180) (size 2.05 0.6) (layers B.Cu B.Paste B.Mask) (roundrect_rratio 0.25)
      (net 21 "Net-(R7-Pad2)"))
    (pad 17 smd roundrect (at 4.65 1.905 180) (size 2.05 0.6) (layers B.Cu B.Paste B.Mask) (roundrect_rratio 0.25)
      (net 24 TXD_X))
    (pad 16 smd roundrect (at 4.65 0.635 180) (size 2.05 0.6) (layers B.Cu B.Paste B.Mask) (roundrect_rratio 0.25)
      (net 20 RXD_Y))
    (pad 15 smd roundrect (at 4.65 -0.635 180) (size 2.05 0.6) (layers B.Cu B.Paste B.Mask) (roundrect_rratio 0.25)
      (net 22 RTS_X))
    (pad 14 smd roundrect (at 4.65 -1.905 180) (size 2.05 0.6) (layers B.Cu B.Paste B.Mask) (roundrect_rratio 0.25)
      (net 11 SD1))
    (pad 13 smd roundrect (at 4.65 -3.175 180) (size 2.05 0.6) (layers B.Cu B.Paste B.Mask) (roundrect_rratio 0.25)
      (net 1 ORANGE))
    (pad 12 smd roundrect (at 4.65 -4.445 180) (size 2.05 0.6) (layers B.Cu B.Paste B.Mask) (roundrect_rratio 0.25)
      (net 19 CTS_Y))
    (pad 11 smd roundrect (at 4.65 -5.715 180) (size 2.05 0.6) (layers B.Cu B.Paste B.Mask) (roundrect_rratio 0.25)
      (net 1 ORANGE))
    (pad 10 smd roundrect (at -4.65 -5.715 180) (size 2.05 0.6) (layers B.Cu B.Paste B.Mask) (roundrect_rratio 0.25)
      (net 1 ORANGE))
    (pad 9 smd roundrect (at -4.65 -4.445 180) (size 2.05 0.6) (layers B.Cu B.Paste B.Mask) (roundrect_rratio 0.25))
    (pad 8 smd roundrect (at -4.65 -3.175 180) (size 2.05 0.6) (layers B.Cu B.Paste B.Mask) (roundrect_rratio 0.25)
      (net 10 SD0))
    (pad 7 smd roundrect (at -4.65 -1.905 180) (size 2.05 0.6) (layers B.Cu B.Paste B.Mask) (roundrect_rratio 0.25))
    (pad 6 smd roundrect (at -4.65 -0.635 180) (size 2.05 0.6) (layers B.Cu B.Paste B.Mask) (roundrect_rratio 0.25)
      (net 2 SVCC))
    (pad 5 smd roundrect (at -4.65 0.635 180) (size 2.05 0.6) (layers B.Cu B.Paste B.Mask) (roundrect_rratio 0.25)
      (net 12 SD2))
    (pad 4 smd roundrect (at -4.65 1.905 180) (size 2.05 0.6) (layers B.Cu B.Paste B.Mask) (roundrect_rratio 0.25)
      (net 14 SD4))
    (pad 3 smd roundrect (at -4.65 3.175 180) (size 2.05 0.6) (layers B.Cu B.Paste B.Mask) (roundrect_rratio 0.25)
      (net 13 SD3))
    (pad 2 smd roundrect (at -4.65 4.445 180) (size 2.05 0.6) (layers B.Cu B.Paste B.Mask) (roundrect_rratio 0.25)
      (net 15 SMR))
    (pad 1 smd roundrect (at -4.65 5.715 180) (size 2.05 0.6) (layers B.Cu B.Paste B.Mask) (roundrect_rratio 0.25)
      (net 16 SS))
    (model ${KISYS3DMOD}/Package_SO.3dshapes/SOIC-20W_7.5x12.8mm_P1.27mm.wrl
      (at (xyz 0 0 0))
      (scale (xyz 1 1 1))
      (rotate (xyz 0 0 0))
    )
  )

  (module Package_DIP:DIP-14_W7.62mm (layer F.Cu) (tedit 5A02E8C5) (tstamp 636A4CBB)
    (at 130.81 113.538 270)
    (descr "14-lead though-hole mounted DIP package, row spacing 7.62 mm (300 mils)")
    (tags "THT DIP DIL PDIP 2.54mm 7.62mm 300mil")
    (path /6371CD69)
    (fp_text reference U1 (at 8.128 17.018 90) (layer F.SilkS)
      (effects (font (size 0.7 0.7) (thickness 0.15)))
    )
    (fp_text value 1489 (at 3.81 17.57 90) (layer F.Fab)
      (effects (font (size 1 1) (thickness 0.15)))
    )
    (fp_text user %R (at 3.81 7.62 90) (layer F.Fab)
      (effects (font (size 1 1) (thickness 0.15)))
    )
    (fp_line (start 8.7 -1.55) (end -1.1 -1.55) (layer F.CrtYd) (width 0.05))
    (fp_line (start 8.7 16.8) (end 8.7 -1.55) (layer F.CrtYd) (width 0.05))
    (fp_line (start -1.1 16.8) (end 8.7 16.8) (layer F.CrtYd) (width 0.05))
    (fp_line (start -1.1 -1.55) (end -1.1 16.8) (layer F.CrtYd) (width 0.05))
    (fp_line (start 6.46 -1.33) (end 4.81 -1.33) (layer F.SilkS) (width 0.12))
    (fp_line (start 6.46 16.57) (end 6.46 -1.33) (layer F.SilkS) (width 0.12))
    (fp_line (start 1.16 16.57) (end 6.46 16.57) (layer F.SilkS) (width 0.12))
    (fp_line (start 1.16 -1.33) (end 1.16 16.57) (layer F.SilkS) (width 0.12))
    (fp_line (start 2.81 -1.33) (end 1.16 -1.33) (layer F.SilkS) (width 0.12))
    (fp_line (start 0.635 -0.27) (end 1.635 -1.27) (layer F.Fab) (width 0.1))
    (fp_line (start 0.635 16.51) (end 0.635 -0.27) (layer F.Fab) (width 0.1))
    (fp_line (start 6.985 16.51) (end 0.635 16.51) (layer F.Fab) (width 0.1))
    (fp_line (start 6.985 -1.27) (end 6.985 16.51) (layer F.Fab) (width 0.1))
    (fp_line (start 1.635 -1.27) (end 6.985 -1.27) (layer F.Fab) (width 0.1))
    (fp_arc (start 3.81 -1.33) (end 2.81 -1.33) (angle -180) (layer F.SilkS) (width 0.12))
    (pad 14 thru_hole oval (at 7.62 0 270) (size 1.6 1.6) (drill 0.8) (layers *.Cu *.Mask)
      (net 2 SVCC))
    (pad 7 thru_hole oval (at 0 15.24 270) (size 1.6 1.6) (drill 0.8) (layers *.Cu *.Mask)
      (net 1 ORANGE))
    (pad 13 thru_hole oval (at 7.62 2.54 270) (size 1.6 1.6) (drill 0.8) (layers *.Cu *.Mask)
      (net 19 CTS_Y))
    (pad 6 thru_hole oval (at 0 12.7 270) (size 1.6 1.6) (drill 0.8) (layers *.Cu *.Mask)
      (net 22 RTS_X))
    (pad 12 thru_hole oval (at 7.62 5.08 270) (size 1.6 1.6) (drill 0.8) (layers *.Cu *.Mask))
    (pad 5 thru_hole oval (at 0 10.16 270) (size 1.6 1.6) (drill 0.8) (layers *.Cu *.Mask))
    (pad 11 thru_hole oval (at 7.62 7.62 270) (size 1.6 1.6) (drill 0.8) (layers *.Cu *.Mask)
      (net 23 CTS_X))
    (pad 4 thru_hole oval (at 0 7.62 270) (size 1.6 1.6) (drill 0.8) (layers *.Cu *.Mask)
      (net 18 GREEN))
    (pad 10 thru_hole oval (at 7.62 10.16 270) (size 1.6 1.6) (drill 0.8) (layers *.Cu *.Mask)
      (net 20 RXD_Y))
    (pad 3 thru_hole oval (at 0 5.08 270) (size 1.6 1.6) (drill 0.8) (layers *.Cu *.Mask)
      (net 24 TXD_X))
    (pad 9 thru_hole oval (at 7.62 12.7 270) (size 1.6 1.6) (drill 0.8) (layers *.Cu *.Mask))
    (pad 2 thru_hole oval (at 0 2.54 270) (size 1.6 1.6) (drill 0.8) (layers *.Cu *.Mask))
    (pad 8 thru_hole oval (at 7.62 15.24 270) (size 1.6 1.6) (drill 0.8) (layers *.Cu *.Mask)
      (net 25 RXD_X))
    (pad 1 thru_hole rect (at 0 0 270) (size 1.6 1.6) (drill 0.8) (layers *.Cu *.Mask)
      (net 17 BLUE))
    (model ${KISYS3DMOD}/Package_DIP.3dshapes/DIP-14_W7.62mm.wrl
      (at (xyz 0 0 0))
      (scale (xyz 1 1 1))
      (rotate (xyz 0 0 0))
    )
  )

  (module Resistor_SMD:R_0805_2012Metric_Pad1.20x1.40mm_HandSolder (layer F.Cu) (tedit 5F68FEEE) (tstamp 6369F107)
    (at 102.489 106.045 180)
    (descr "Resistor SMD 0805 (2012 Metric), square (rectangular) end terminal, IPC_7351 nominal with elongated pad for handsoldering. (Body size source: IPC-SM-782 page 72, https://www.pcb-3d.com/wordpress/wp-content/uploads/ipc-sm-782a_amendment_1_and_2.pdf), generated with kicad-footprint-generator")
    (tags "resistor handsolder")
    (path /6371A2DA)
    (attr smd)
    (fp_text reference R7 (at 1.27 1.524) (layer F.SilkS)
      (effects (font (size 0.7 0.7) (thickness 0.15)))
    )
    (fp_text value 47k (at 0 1.65) (layer F.Fab)
      (effects (font (size 1 1) (thickness 0.15)))
    )
    (fp_text user %R (at 0 0) (layer F.Fab)
      (effects (font (size 0.5 0.5) (thickness 0.08)))
    )
    (fp_line (start 1.85 0.95) (end -1.85 0.95) (layer F.CrtYd) (width 0.05))
    (fp_line (start 1.85 -0.95) (end 1.85 0.95) (layer F.CrtYd) (width 0.05))
    (fp_line (start -1.85 -0.95) (end 1.85 -0.95) (layer F.CrtYd) (width 0.05))
    (fp_line (start -1.85 0.95) (end -1.85 -0.95) (layer F.CrtYd) (width 0.05))
    (fp_line (start -0.227064 0.735) (end 0.227064 0.735) (layer F.SilkS) (width 0.12))
    (fp_line (start -0.227064 -0.735) (end 0.227064 -0.735) (layer F.SilkS) (width 0.12))
    (fp_line (start 1 0.625) (end -1 0.625) (layer F.Fab) (width 0.1))
    (fp_line (start 1 -0.625) (end 1 0.625) (layer F.Fab) (width 0.1))
    (fp_line (start -1 -0.625) (end 1 -0.625) (layer F.Fab) (width 0.1))
    (fp_line (start -1 0.625) (end -1 -0.625) (layer F.Fab) (width 0.1))
    (pad 2 smd roundrect (at 1 0 180) (size 1.2 1.4) (layers F.Cu F.Paste F.Mask) (roundrect_rratio 0.208333)
      (net 21 "Net-(R7-Pad2)"))
    (pad 1 smd roundrect (at -1 0 180) (size 1.2 1.4) (layers F.Cu F.Paste F.Mask) (roundrect_rratio 0.208333)
      (net 2 SVCC))
    (model ${KISYS3DMOD}/Resistor_SMD.3dshapes/R_0805_2012Metric.wrl
      (at (xyz 0 0 0))
      (scale (xyz 1 1 1))
      (rotate (xyz 0 0 0))
    )
  )

  (module Resistor_SMD:R_0805_2012Metric_Pad1.20x1.40mm_HandSolder (layer B.Cu) (tedit 5F68FEEE) (tstamp 6369F0F6)
    (at 129.54 116.078 180)
    (descr "Resistor SMD 0805 (2012 Metric), square (rectangular) end terminal, IPC_7351 nominal with elongated pad for handsoldering. (Body size source: IPC-SM-782 page 72, https://www.pcb-3d.com/wordpress/wp-content/uploads/ipc-sm-782a_amendment_1_and_2.pdf), generated with kicad-footprint-generator")
    (tags "resistor handsolder")
    (path /6374F71A)
    (attr smd)
    (fp_text reference R6 (at 3.175 0) (layer B.SilkS)
      (effects (font (size 0.7 0.7) (thickness 0.15)) (justify mirror))
    )
    (fp_text value 10k (at 0 -1.65) (layer B.Fab)
      (effects (font (size 1 1) (thickness 0.15)) (justify mirror))
    )
    (fp_text user %R (at 0 0) (layer B.Fab)
      (effects (font (size 0.5 0.5) (thickness 0.08)) (justify mirror))
    )
    (fp_line (start 1.85 -0.95) (end -1.85 -0.95) (layer B.CrtYd) (width 0.05))
    (fp_line (start 1.85 0.95) (end 1.85 -0.95) (layer B.CrtYd) (width 0.05))
    (fp_line (start -1.85 0.95) (end 1.85 0.95) (layer B.CrtYd) (width 0.05))
    (fp_line (start -1.85 -0.95) (end -1.85 0.95) (layer B.CrtYd) (width 0.05))
    (fp_line (start -0.227064 -0.735) (end 0.227064 -0.735) (layer B.SilkS) (width 0.12))
    (fp_line (start -0.227064 0.735) (end 0.227064 0.735) (layer B.SilkS) (width 0.12))
    (fp_line (start 1 -0.625) (end -1 -0.625) (layer B.Fab) (width 0.1))
    (fp_line (start 1 0.625) (end 1 -0.625) (layer B.Fab) (width 0.1))
    (fp_line (start -1 0.625) (end 1 0.625) (layer B.Fab) (width 0.1))
    (fp_line (start -1 -0.625) (end -1 0.625) (layer B.Fab) (width 0.1))
    (pad 2 smd roundrect (at 1 0 180) (size 1.2 1.4) (layers B.Cu B.Paste B.Mask) (roundrect_rratio 0.208333)
      (net 20 RXD_Y))
    (pad 1 smd roundrect (at -1 0 180) (size 1.2 1.4) (layers B.Cu B.Paste B.Mask) (roundrect_rratio 0.208333)
      (net 2 SVCC))
    (model ${KISYS3DMOD}/Resistor_SMD.3dshapes/R_0805_2012Metric.wrl
      (at (xyz 0 0 0))
      (scale (xyz 1 1 1))
      (rotate (xyz 0 0 0))
    )
  )

  (module Resistor_SMD:R_0805_2012Metric_Pad1.20x1.40mm_HandSolder (layer B.Cu) (tedit 5F68FEEE) (tstamp 6369F0E5)
    (at 129.54 118.618 180)
    (descr "Resistor SMD 0805 (2012 Metric), square (rectangular) end terminal, IPC_7351 nominal with elongated pad for handsoldering. (Body size source: IPC-SM-782 page 72, https://www.pcb-3d.com/wordpress/wp-content/uploads/ipc-sm-782a_amendment_1_and_2.pdf), generated with kicad-footprint-generator")
    (tags "resistor handsolder")
    (path /637324DD)
    (attr smd)
    (fp_text reference R5 (at 2.921 0) (layer B.SilkS)
      (effects (font (size 0.7 0.7) (thickness 0.15)) (justify mirror))
    )
    (fp_text value 10k (at 0 -1.65) (layer B.Fab)
      (effects (font (size 1 1) (thickness 0.15)) (justify mirror))
    )
    (fp_text user %R (at 0 0) (layer B.Fab)
      (effects (font (size 0.5 0.5) (thickness 0.08)) (justify mirror))
    )
    (fp_line (start 1.85 -0.95) (end -1.85 -0.95) (layer B.CrtYd) (width 0.05))
    (fp_line (start 1.85 0.95) (end 1.85 -0.95) (layer B.CrtYd) (width 0.05))
    (fp_line (start -1.85 0.95) (end 1.85 0.95) (layer B.CrtYd) (width 0.05))
    (fp_line (start -1.85 -0.95) (end -1.85 0.95) (layer B.CrtYd) (width 0.05))
    (fp_line (start -0.227064 -0.735) (end 0.227064 -0.735) (layer B.SilkS) (width 0.12))
    (fp_line (start -0.227064 0.735) (end 0.227064 0.735) (layer B.SilkS) (width 0.12))
    (fp_line (start 1 -0.625) (end -1 -0.625) (layer B.Fab) (width 0.1))
    (fp_line (start 1 0.625) (end 1 -0.625) (layer B.Fab) (width 0.1))
    (fp_line (start -1 0.625) (end 1 0.625) (layer B.Fab) (width 0.1))
    (fp_line (start -1 -0.625) (end -1 0.625) (layer B.Fab) (width 0.1))
    (pad 2 smd roundrect (at 1 0 180) (size 1.2 1.4) (layers B.Cu B.Paste B.Mask) (roundrect_rratio 0.208333)
      (net 19 CTS_Y))
    (pad 1 smd roundrect (at -1 0 180) (size 1.2 1.4) (layers B.Cu B.Paste B.Mask) (roundrect_rratio 0.208333)
      (net 2 SVCC))
    (model ${KISYS3DMOD}/Resistor_SMD.3dshapes/R_0805_2012Metric.wrl
      (at (xyz 0 0 0))
      (scale (xyz 1 1 1))
      (rotate (xyz 0 0 0))
    )
  )

  (module Resistor_SMD:R_0805_2012Metric_Pad1.20x1.40mm_HandSolder (layer F.Cu) (tedit 5F68FEEE) (tstamp 6369F0D4)
    (at 106.426 113.03 180)
    (descr "Resistor SMD 0805 (2012 Metric), square (rectangular) end terminal, IPC_7351 nominal with elongated pad for handsoldering. (Body size source: IPC-SM-782 page 72, https://www.pcb-3d.com/wordpress/wp-content/uploads/ipc-sm-782a_amendment_1_and_2.pdf), generated with kicad-footprint-generator")
    (tags "resistor handsolder")
    (path /63756625)
    (attr smd)
    (fp_text reference R4 (at 2.54 -0.127) (layer F.SilkS)
      (effects (font (size 0.7 0.7) (thickness 0.15)))
    )
    (fp_text value 47k (at 0 1.65) (layer F.Fab)
      (effects (font (size 1 1) (thickness 0.15)))
    )
    (fp_text user %R (at 0 0) (layer F.Fab)
      (effects (font (size 0.5 0.5) (thickness 0.08)))
    )
    (fp_line (start 1.85 0.95) (end -1.85 0.95) (layer F.CrtYd) (width 0.05))
    (fp_line (start 1.85 -0.95) (end 1.85 0.95) (layer F.CrtYd) (width 0.05))
    (fp_line (start -1.85 -0.95) (end 1.85 -0.95) (layer F.CrtYd) (width 0.05))
    (fp_line (start -1.85 0.95) (end -1.85 -0.95) (layer F.CrtYd) (width 0.05))
    (fp_line (start -0.227064 0.735) (end 0.227064 0.735) (layer F.SilkS) (width 0.12))
    (fp_line (start -0.227064 -0.735) (end 0.227064 -0.735) (layer F.SilkS) (width 0.12))
    (fp_line (start 1 0.625) (end -1 0.625) (layer F.Fab) (width 0.1))
    (fp_line (start 1 -0.625) (end 1 0.625) (layer F.Fab) (width 0.1))
    (fp_line (start -1 -0.625) (end 1 -0.625) (layer F.Fab) (width 0.1))
    (fp_line (start -1 0.625) (end -1 -0.625) (layer F.Fab) (width 0.1))
    (pad 2 smd roundrect (at 1 0 180) (size 1.2 1.4) (layers F.Cu F.Paste F.Mask) (roundrect_rratio 0.208333)
      (net 1 ORANGE))
    (pad 1 smd roundrect (at -1 0 180) (size 1.2 1.4) (layers F.Cu F.Paste F.Mask) (roundrect_rratio 0.208333)
      (net 10 SD0))
    (model ${KISYS3DMOD}/Resistor_SMD.3dshapes/R_0805_2012Metric.wrl
      (at (xyz 0 0 0))
      (scale (xyz 1 1 1))
      (rotate (xyz 0 0 0))
    )
  )

  (module Resistor_SMD:R_0805_2012Metric_Pad1.20x1.40mm_HandSolder (layer F.Cu) (tedit 5F68FEEE) (tstamp 6369F0C3)
    (at 106.934 103.886 180)
    (descr "Resistor SMD 0805 (2012 Metric), square (rectangular) end terminal, IPC_7351 nominal with elongated pad for handsoldering. (Body size source: IPC-SM-782 page 72, https://www.pcb-3d.com/wordpress/wp-content/uploads/ipc-sm-782a_amendment_1_and_2.pdf), generated with kicad-footprint-generator")
    (tags "resistor handsolder")
    (path /63710F73)
    (attr smd)
    (fp_text reference R3 (at 2.667 0.508) (layer F.SilkS)
      (effects (font (size 0.7 0.7) (thickness 0.15)))
    )
    (fp_text value 47k (at 0 1.65) (layer F.Fab)
      (effects (font (size 1 1) (thickness 0.15)))
    )
    (fp_text user %R (at 0 0) (layer F.Fab)
      (effects (font (size 0.5 0.5) (thickness 0.08)))
    )
    (fp_line (start 1.85 0.95) (end -1.85 0.95) (layer F.CrtYd) (width 0.05))
    (fp_line (start 1.85 -0.95) (end 1.85 0.95) (layer F.CrtYd) (width 0.05))
    (fp_line (start -1.85 -0.95) (end 1.85 -0.95) (layer F.CrtYd) (width 0.05))
    (fp_line (start -1.85 0.95) (end -1.85 -0.95) (layer F.CrtYd) (width 0.05))
    (fp_line (start -0.227064 0.735) (end 0.227064 0.735) (layer F.SilkS) (width 0.12))
    (fp_line (start -0.227064 -0.735) (end 0.227064 -0.735) (layer F.SilkS) (width 0.12))
    (fp_line (start 1 0.625) (end -1 0.625) (layer F.Fab) (width 0.1))
    (fp_line (start 1 -0.625) (end 1 0.625) (layer F.Fab) (width 0.1))
    (fp_line (start -1 -0.625) (end 1 -0.625) (layer F.Fab) (width 0.1))
    (fp_line (start -1 0.625) (end -1 -0.625) (layer F.Fab) (width 0.1))
    (pad 2 smd roundrect (at 1 0 180) (size 1.2 1.4) (layers F.Cu F.Paste F.Mask) (roundrect_rratio 0.208333)
      (net 16 SS))
    (pad 1 smd roundrect (at -1 0 180) (size 1.2 1.4) (layers F.Cu F.Paste F.Mask) (roundrect_rratio 0.208333)
      (net 2 SVCC))
    (model ${KISYS3DMOD}/Resistor_SMD.3dshapes/R_0805_2012Metric.wrl
      (at (xyz 0 0 0))
      (scale (xyz 1 1 1))
      (rotate (xyz 0 0 0))
    )
  )

  (module Resistor_SMD:R_0805_2012Metric_Pad1.20x1.40mm_HandSolder (layer B.Cu) (tedit 5F68FEEE) (tstamp 6369F0B2)
    (at 116.332 117.348)
    (descr "Resistor SMD 0805 (2012 Metric), square (rectangular) end terminal, IPC_7351 nominal with elongated pad for handsoldering. (Body size source: IPC-SM-782 page 72, https://www.pcb-3d.com/wordpress/wp-content/uploads/ipc-sm-782a_amendment_1_and_2.pdf), generated with kicad-footprint-generator")
    (tags "resistor handsolder")
    (path /6377586C)
    (attr smd)
    (fp_text reference R2 (at 0 1.65 180) (layer B.SilkS)
      (effects (font (size 0.7 0.7) (thickness 0.15)) (justify mirror))
    )
    (fp_text value 47k (at 0 -1.65 180) (layer B.Fab)
      (effects (font (size 1 1) (thickness 0.15)) (justify mirror))
    )
    (fp_text user %R (at 0 0 180) (layer B.Fab)
      (effects (font (size 0.5 0.5) (thickness 0.08)) (justify mirror))
    )
    (fp_line (start 1.85 -0.95) (end -1.85 -0.95) (layer B.CrtYd) (width 0.05))
    (fp_line (start 1.85 0.95) (end 1.85 -0.95) (layer B.CrtYd) (width 0.05))
    (fp_line (start -1.85 0.95) (end 1.85 0.95) (layer B.CrtYd) (width 0.05))
    (fp_line (start -1.85 -0.95) (end -1.85 0.95) (layer B.CrtYd) (width 0.05))
    (fp_line (start -0.227064 -0.735) (end 0.227064 -0.735) (layer B.SilkS) (width 0.12))
    (fp_line (start -0.227064 0.735) (end 0.227064 0.735) (layer B.SilkS) (width 0.12))
    (fp_line (start 1 -0.625) (end -1 -0.625) (layer B.Fab) (width 0.1))
    (fp_line (start 1 0.625) (end 1 -0.625) (layer B.Fab) (width 0.1))
    (fp_line (start -1 0.625) (end 1 0.625) (layer B.Fab) (width 0.1))
    (fp_line (start -1 -0.625) (end -1 0.625) (layer B.Fab) (width 0.1))
    (pad 2 smd roundrect (at 1 0) (size 1.2 1.4) (layers B.Cu B.Paste B.Mask) (roundrect_rratio 0.208333)
      (net 1 ORANGE))
    (pad 1 smd roundrect (at -1 0) (size 1.2 1.4) (layers B.Cu B.Paste B.Mask) (roundrect_rratio 0.208333)
      (net 14 SD4))
    (model ${KISYS3DMOD}/Resistor_SMD.3dshapes/R_0805_2012Metric.wrl
      (at (xyz 0 0 0))
      (scale (xyz 1 1 1))
      (rotate (xyz 0 0 0))
    )
  )

  (module Resistor_SMD:R_0805_2012Metric_Pad1.20x1.40mm_HandSolder (layer F.Cu) (tedit 5F68FEEE) (tstamp 6369F0A1)
    (at 106.934 106.172 180)
    (descr "Resistor SMD 0805 (2012 Metric), square (rectangular) end terminal, IPC_7351 nominal with elongated pad for handsoldering. (Body size source: IPC-SM-782 page 72, https://www.pcb-3d.com/wordpress/wp-content/uploads/ipc-sm-782a_amendment_1_and_2.pdf), generated with kicad-footprint-generator")
    (tags "resistor handsolder")
    (path /637491DA)
    (attr smd)
    (fp_text reference R1 (at -1.524 -1.778) (layer F.SilkS)
      (effects (font (size 0.7 0.7) (thickness 0.15)))
    )
    (fp_text value 47k (at 0 1.65) (layer F.Fab)
      (effects (font (size 1 1) (thickness 0.15)))
    )
    (fp_text user %R (at 0 0) (layer F.Fab)
      (effects (font (size 0.5 0.5) (thickness 0.08)))
    )
    (fp_line (start 1.85 0.95) (end -1.85 0.95) (layer F.CrtYd) (width 0.05))
    (fp_line (start 1.85 -0.95) (end 1.85 0.95) (layer F.CrtYd) (width 0.05))
    (fp_line (start -1.85 -0.95) (end 1.85 -0.95) (layer F.CrtYd) (width 0.05))
    (fp_line (start -1.85 0.95) (end -1.85 -0.95) (layer F.CrtYd) (width 0.05))
    (fp_line (start -0.227064 0.735) (end 0.227064 0.735) (layer F.SilkS) (width 0.12))
    (fp_line (start -0.227064 -0.735) (end 0.227064 -0.735) (layer F.SilkS) (width 0.12))
    (fp_line (start 1 0.625) (end -1 0.625) (layer F.Fab) (width 0.1))
    (fp_line (start 1 -0.625) (end 1 0.625) (layer F.Fab) (width 0.1))
    (fp_line (start -1 -0.625) (end 1 -0.625) (layer F.Fab) (width 0.1))
    (fp_line (start -1 0.625) (end -1 -0.625) (layer F.Fab) (width 0.1))
    (pad 2 smd roundrect (at 1 0 180) (size 1.2 1.4) (layers F.Cu F.Paste F.Mask) (roundrect_rratio 0.208333)
      (net 1 ORANGE))
    (pad 1 smd roundrect (at -1 0 180) (size 1.2 1.4) (layers F.Cu F.Paste F.Mask) (roundrect_rratio 0.208333)
      (net 15 SMR))
    (model ${KISYS3DMOD}/Resistor_SMD.3dshapes/R_0805_2012Metric.wrl
      (at (xyz 0 0 0))
      (scale (xyz 1 1 1))
      (rotate (xyz 0 0 0))
    )
  )

  (module Connector_PinHeader_2.54mm:PinHeader_1x06_P2.54mm_Vertical (layer F.Cu) (tedit 59FED5CC) (tstamp 6369F090)
    (at 98.806 105.156)
    (descr "Through hole straight pin header, 1x06, 2.54mm pitch, single row")
    (tags "Through hole pin header THT 1x06 2.54mm single row")
    (path /63713439)
    (fp_text reference J2 (at 0 -2.33) (layer F.SilkS)
      (effects (font (size 0.7 0.7) (thickness 0.15)))
    )
    (fp_text value Conn_01x06_Female (at 0 15.03) (layer F.Fab)
      (effects (font (size 1 1) (thickness 0.15)))
    )
    (fp_text user %R (at 0 6.35 90) (layer F.Fab)
      (effects (font (size 1 1) (thickness 0.15)))
    )
    (fp_line (start 1.8 -1.8) (end -1.8 -1.8) (layer F.CrtYd) (width 0.05))
    (fp_line (start 1.8 14.5) (end 1.8 -1.8) (layer F.CrtYd) (width 0.05))
    (fp_line (start -1.8 14.5) (end 1.8 14.5) (layer F.CrtYd) (width 0.05))
    (fp_line (start -1.8 -1.8) (end -1.8 14.5) (layer F.CrtYd) (width 0.05))
    (fp_line (start -1.33 -1.33) (end 0 -1.33) (layer F.SilkS) (width 0.12))
    (fp_line (start -1.33 0) (end -1.33 -1.33) (layer F.SilkS) (width 0.12))
    (fp_line (start -1.33 1.27) (end 1.33 1.27) (layer F.SilkS) (width 0.12))
    (fp_line (start 1.33 1.27) (end 1.33 14.03) (layer F.SilkS) (width 0.12))
    (fp_line (start -1.33 1.27) (end -1.33 14.03) (layer F.SilkS) (width 0.12))
    (fp_line (start -1.33 14.03) (end 1.33 14.03) (layer F.SilkS) (width 0.12))
    (fp_line (start -1.27 -0.635) (end -0.635 -1.27) (layer F.Fab) (width 0.1))
    (fp_line (start -1.27 13.97) (end -1.27 -0.635) (layer F.Fab) (width 0.1))
    (fp_line (start 1.27 13.97) (end -1.27 13.97) (layer F.Fab) (width 0.1))
    (fp_line (start 1.27 -1.27) (end 1.27 13.97) (layer F.Fab) (width 0.1))
    (fp_line (start -0.635 -1.27) (end 1.27 -1.27) (layer F.Fab) (width 0.1))
    (pad 6 thru_hole oval (at 0 12.7) (size 1.7 1.7) (drill 1) (layers *.Cu *.Mask)
      (net 17 BLUE))
    (pad 5 thru_hole oval (at 0 10.16) (size 1.7 1.7) (drill 1) (layers *.Cu *.Mask)
      (net 18 GREEN))
    (pad 4 thru_hole oval (at 0 7.62) (size 1.7 1.7) (drill 1) (layers *.Cu *.Mask)
      (net 1 ORANGE))
    (pad 3 thru_hole oval (at 0 5.08) (size 1.7 1.7) (drill 1) (layers *.Cu *.Mask)
      (net 1 ORANGE))
    (pad 2 thru_hole oval (at 0 2.54) (size 1.7 1.7) (drill 1) (layers *.Cu *.Mask)
      (net 7 RED))
    (pad 1 thru_hole rect (at 0 0) (size 1.7 1.7) (drill 1) (layers *.Cu *.Mask)
      (net 8 BROWN))
    (model ${KISYS3DMOD}/Connector_PinHeader_2.54mm.3dshapes/PinHeader_1x06_P2.54mm_Vertical.wrl
      (at (xyz 0 0 0))
      (scale (xyz 1 1 1))
      (rotate (xyz 0 0 0))
    )
  )

  (module psion_org_2:Psion_datapak_2x08_P2.54mm_Horizontal (layer F.Cu) (tedit 60C1AAB6) (tstamp 6369F076)
    (at 96.38 121.4 180)
    (descr "Through hole angled pin header, 2x08, 2.54mm pitch, 6mm pin length, double rows Psion2 Datapak")
    (tags "Through hole angled pin header THT 2x08 2.54mm double row")
    (path /6370CC94)
    (fp_text reference J1 (at 4.051 -0.774) (layer F.SilkS)
      (effects (font (size 0.7 0.7) (thickness 0.15)))
    )
    (fp_text value Conn_02x08_Odd_Even (at 5.655 20.05) (layer F.Fab)
      (effects (font (size 1 1) (thickness 0.15)))
    )
    (fp_text user %R (at 5.31 8.89 90) (layer F.Fab)
      (effects (font (size 1 1) (thickness 0.15)))
    )
    (fp_line (start 13.1 -1.8) (end -1.8 -1.8) (layer F.CrtYd) (width 0.05))
    (fp_line (start 13.1 19.55) (end 13.1 -1.8) (layer F.CrtYd) (width 0.05))
    (fp_line (start -1.8 19.55) (end 13.1 19.55) (layer F.CrtYd) (width 0.05))
    (fp_line (start -1.8 -1.8) (end -1.8 19.55) (layer F.CrtYd) (width 0.05))
    (fp_line (start -1.27 -1.27) (end 0 -1.27) (layer F.SilkS) (width 0.12))
    (fp_line (start -1.27 0) (end -1.27 -1.27) (layer F.SilkS) (width 0.12))
    (fp_line (start 4.037071 -0.38) (end 3.582929 -0.38) (layer F.SilkS) (width 0.12))
    (fp_line (start 4.037071 0.38) (end 3.582929 0.38) (layer F.SilkS) (width 0.12))
    (fp_line (start 3.582929 18.16) (end 3.98 18.16) (layer F.SilkS) (width 0.12))
    (fp_line (start 3.582929 17.4) (end 3.98 17.4) (layer F.SilkS) (width 0.12))
    (fp_line (start 12.64 18.16) (end 6.64 18.16) (layer F.SilkS) (width 0.12))
    (fp_line (start 12.64 17.4) (end 12.64 18.16) (layer F.SilkS) (width 0.12))
    (fp_line (start 6.64 17.4) (end 12.64 17.4) (layer F.SilkS) (width 0.12))
    (fp_line (start 3.98 16.51) (end 6.64 16.51) (layer F.SilkS) (width 0.12))
    (fp_line (start 4.037071 2.16) (end 3.582929 2.16) (layer F.SilkS) (width 0.12))
    (fp_line (start 4.037071 2.92) (end 3.582929 2.92) (layer F.SilkS) (width 0.12))
    (fp_line (start 3.582929 15.62) (end 3.98 15.62) (layer F.SilkS) (width 0.12))
    (fp_line (start 3.582929 14.86) (end 3.98 14.86) (layer F.SilkS) (width 0.12))
    (fp_line (start 12.64 15.62) (end 6.64 15.62) (layer F.SilkS) (width 0.12))
    (fp_line (start 12.64 14.86) (end 12.64 15.62) (layer F.SilkS) (width 0.12))
    (fp_line (start 6.64 14.86) (end 12.64 14.86) (layer F.SilkS) (width 0.12))
    (fp_line (start 3.98 13.97) (end 6.64 13.97) (layer F.SilkS) (width 0.12))
    (fp_line (start 4.037071 4.7) (end 3.582929 4.7) (layer F.SilkS) (width 0.12))
    (fp_line (start 4.037071 5.46) (end 3.582929 5.46) (layer F.SilkS) (width 0.12))
    (fp_line (start 3.582929 13.08) (end 3.98 13.08) (layer F.SilkS) (width 0.12))
    (fp_line (start 3.582929 12.32) (end 3.98 12.32) (layer F.SilkS) (width 0.12))
    (fp_line (start 12.64 13.08) (end 6.64 13.08) (layer F.SilkS) (width 0.12))
    (fp_line (start 12.64 12.32) (end 12.64 13.08) (layer F.SilkS) (width 0.12))
    (fp_line (start 6.64 12.32) (end 12.64 12.32) (layer F.SilkS) (width 0.12))
    (fp_line (start 3.98 11.43) (end 6.64 11.43) (layer F.SilkS) (width 0.12))
    (fp_line (start 4.037071 7.24) (end 3.582929 7.24) (layer F.SilkS) (width 0.12))
    (fp_line (start 4.037071 8) (end 3.582929 8) (layer F.SilkS) (width 0.12))
    (fp_line (start 3.582929 10.54) (end 3.98 10.54) (layer F.SilkS) (width 0.12))
    (fp_line (start 3.582929 9.78) (end 3.98 9.78) (layer F.SilkS) (width 0.12))
    (fp_line (start 12.64 10.54) (end 6.64 10.54) (layer F.SilkS) (width 0.12))
    (fp_line (start 12.64 9.78) (end 12.64 10.54) (layer F.SilkS) (width 0.12))
    (fp_line (start 6.64 9.78) (end 12.64 9.78) (layer F.SilkS) (width 0.12))
    (fp_line (start 3.98 8.89) (end 6.64 8.89) (layer F.SilkS) (width 0.12))
    (fp_line (start 4.037071 9.78) (end 3.582929 9.78) (layer F.SilkS) (width 0.12))
    (fp_line (start 4.037071 10.54) (end 3.582929 10.54) (layer F.SilkS) (width 0.12))
    (fp_line (start 3.582929 8) (end 3.98 8) (layer F.SilkS) (width 0.12))
